(0 48) (24 84) (53 42) 
(68 98) (1 40) (29 30) 
(64) (90 69) (9 28) 
(69 10) (39 59) (88) (58 53) (2) 
(15 79) (24 84) (33 8) (95) (32) (20) 
(52) 
(41 12) (99 73) (1 88) (84) (52 2) (81 40) (43) (78 71) (30 55) 
(53 90) (2 81) (11) (88 36) (67 9) (20 82) (57 44) (74 69) (42) (27 77) 
(60 6) (8 20) (95) (80 0) (40 84) 
(94 55) (30) (44 54) 
(91 45) (7 43) 
(31) (19 73) (99) (27) (34 33) (25 44) (30) 
(53 10) (24) (5 26) 
(59) (72) 
(70) (49 88) (35 57) (75 61) (63) (64 32) (60 86) (62 71) (68 34) (52) (47) (11) 
(51 41) (74 37) (83 73) 
(74 37) (86 51) 
(63) (82 33) (19) (28) 
(16) 
(21 42) 
(43) 
(1 88) (61 14) 
(69 58) (16) (97 72) (45 14) (71 75) (87) 
(64 96) (88 4) (31) (54 3) 
(91) (20 66) (33) (90 69) (93 46) 
(56 36) 
(70 83) 
(57 44) 
(21 42) (46) (48) (86) (30) (83) (32 80) (97) (19 9) 
(80) (82) (7 59) (79) 
(85 10) 
(12) (74 5) 
(30) 
(1) 
(96 64) (22 51) (36) (49) (87 75) (47 31) 
(78 55) 
(18) (68 82) (16) 
(46 71) (70 51) (76 54) 
(72 84) (63 47) 
(30 7) (99 41) 
(36) (57 12) (16 80) (76) (87 59) (85) (86 67) (82) (61) (2 97) (91) 
(32 96) (71 91) 
(31 79) (95 15) (56) (48 32) 
(17) (57 44) 
(69 58) (64) (22 19) (45) 
(36) (91 13) (90 69) 
(99 57) (45 14) (19 89) (42) (79 31) (37) (43) 
(97 88) (41) (45 62) (19 9) (15 47) (74 37) (72 36) 
(47) 
(48 16) 
(58 85) (64 80) (59) (1 88) (0 32) (63) (41 44) (75 45) (46 23) (61) (72 4) (40 52) (12 38) (77) (97 56) (24) 
(34 49) 
(6 35) (58) (69 10) (52 66) 
(59 93) (14 71) (44) (73 28) (4) 
(9) (65 8) 
(47 79) (11) 
(82 33) (2 17) (93) (55) (83 25) (20) (73 44) (34) (42) (31) (0 16) (5) 
(9 28) 
(9) (41 44) (76 54) (66 1) (40 52) (0 16) (2) 
(62) 
(49) (83 57) 
(55) (46 39) (29) (11) (28 22) (3 89) (70 51) (19 73) (86) (81 56) 
(68) (43) 
(40) (78) 
(56 4) (24 20) 
(53 90) (96 48) (66 33) (52 50) 
(64) 
(67 89) (45) (4 98) (46) (85) (15) (68 50) (10) (12) (69 90) (52 66) 
(20 50) (2 65) (13 46) (14) 
(34 17) (1 88) (55 11) (68) 
(51 25) (71 11) (68 2) (5) (90) (86) 
(49) (47 31) 
(59 13) (49) 
(22 51) (21 90) 
(41 76) 
(32 80) (82) 
(67) (69) (90 21) (50 33) 
(46) (76) 
(79 47) 
(55) (38 67) 
(94) (62 87) (88 68) (57) (38 51) (79 15) (6) (45) 
(86) (25 76) 
(69 42) (54 35) (16) 
(83 9) (58 53) (73) 
(72) (13 62) (63) (93) (79) (29) (30 71) (57) (12 86) (18) (20 66) (88) (2 65) 
(40) 
(82 17) (89 12) 
(11) (22 99) (23 27) 
(23 27) (1 88) (9 92) 
(74 53) (49) (57 28) (82) (15) (55 43) 
(72 20) (92) (57) (33) 
(14 55) 
(62) 
(56) 
(70 51) (36 66) 
(81) 
(45) (95) 
(8 36) (17) 
(35 89) (4 98) (54 83) (91) (39) (69 90) (5) (11 77) (66 97) (64 96) (2) (46 55) (18) (43 13) 
(27 77) (66 17) (91) (52 98) (62 71) (94) (12) (19 73) (37) 
(42 5) (30) 
(21 74) (61) (27) 
(36) 
(69 26) 
(88 68) (20) (54 35) 
(78) (20 66) (2 65) (37 74) (62) (40 84) 
(92) 
(85) 
(1) (61 78) (43 77) (51) 
(7 91) 
(42 37) 
(72 68) (13 78) (54 67) (87 91) (7) (38 35) 
(55 59) (17 56) (0 96) (83 57) 
(94 55) (16 32) (57 28) (95) (53) 
(61) (64 96) 
(86 19) (58 21) (13) (92 70) 
(95) (35) (16 96) (61) (42) 
(37 10) (19) (96 0) (40 84) (56 36) (76 22) (41 92) (70) 
(57 92) 
(1 88) (46 87) (14 55) (71) (69 42) 
(84 2) (35 25) (54 67) (15) 
(59) 
(66 1) 
(41) (58) (21 10) (98 33) (40) (95 47) (34) (4) (66 17) 
(19) 
(29) 
(78 55) 
(41) (26 85) 
(67 9) 
(37) 
(30 71) 
(23) (61 94) (50 81) 
(20 98) 
(83 73) (0 48) (60 54) (75) (8) (15 63) (34) (6) (98 17) 
(1) (88 4) (97 8) (20 98) (95) (11 77) (62 23) (27) (93 14) (19 9) (6 51) 
(90 21) 
(60) (10) (50) (83 25) 
(64 48) (34) 
(75) (65 8) (96) 
(65 56) (68 98) (48 96) (60 86) (58 37) (35 25) 
(30 7) (16) (55 91) 
(74 85) (91 77) (38 51) 
(2 65) (64 16) 
(59 61) (81 24) 
(72 68) (37 42) 
(16) (75 93) (70 83) 
(83 57) (78 7) (49 72) (41) 
(12) 
(71) (33) (24 4) (84) (83 73) (7) 
(49 56) (23) (57) (41 76) (21 42) (85 26) (37 90) (70 99) (67 73) (18) (84) (17) (22) (34 81) 
(60 6) (67) 
(95 31) (20) 
(36 98) (35 57) 
(15 79) (57 28) (58 21) (95) (4) 
(82) (98 33) (4) (28 22) (29) (32) (18 81) (53) 
(58 69) (94 23) (9 60) (26) 
(47 79) 
(44 54) (9 92) (55 43) 
(44) 
(15 47) (53 74) (40 4) (37 90) (43) 
(60) 
(61) (85) 
(53) (41 92) (93 62) (15 79) (8) (38) (57) 
(64) 
(54 83) 
(29 30) 
(58) (1) (10 37) (73 76) (14 87) 
(16 48) 
(77) (25 92) (9) (94 23) (50 17) 
(26 69) (6 99) 
(61 62) 
(34) (52) (27 93) 
(10) (9 44) (84 18) (40 36) (42 21) 
(6 67) (11) (75) (22) (91) (5 74) (26 69) 
(98) 
(1) (15 79) (5) (71 75) (72 52) 
(16 96) (31 63) 
(66 97) 
(14 55) (11 29) (46 23) (20 66) (98 49) (9 12) 
(32 64) (24 20) 
(8 84) 
(50 97) 
(21 10) 
(42 21) 
(83 89) 
(72 68) (95 63) 
(40 52) (84 66) (75 29) (78 39) (42 85) (92 54) (63 47) (16 48) (50 1) 
(5 10) (93 94) 
(18 33) 
(27 45) (68 50) (62 7) 
(8 20) 
(71 11) 
(0 80) 
(12 38) 
(4 34) (21 26) 
(41 60) (49 56) 
(79 95) (97 8) (54 3) (22 99) (52 18) (98 49) (40 4) (67 89) (25 76) (60 38) 
(42 5) 
(62 55) (72 52) (88 4) 
(63 31) 
(61 94) (54 99) (10 37) (76 38) 
(64 80) 
(92 70) (53 26) 
(93 94) (63 47) (97 88) (4 82) (76 6) (21 74) (23 75) (43 45) (22 83) 
(53 74) (40 68) 
(91 45) (82 65) 
(57 12) (38 99) 
(20 82) 
(0 96) (82 33) (17 24) (69 10) (2 1) 
(11 29) 
(25 92) (58 53) (68 66) (73 44) (31 79) 
(90 53) (81 72) (68 98) (76 6) (41 44) 
(24 68) 
(93 78) (55 27) 
(13 30) 
(91 29) (98 1) (86 19) 
(99 89) (63 95) 
(89 92) 
(22 67) 
(66 97) (80 48) (74 69) (5 10) (49 40) (3 9) (16 32) (28 38) 
(18 81) 
(46 55) (34 65) (25 12) (89 28) (26 69) 
(37 90) (3 57) (72 52) 
(54 67) 
(81 24) (93 78) (65 72) (36 34) 
(62 39) (28 86) 
(50 81) 
(79 95) (43 93) (69 74) 
(51 41) (8 84) 
(91 77) (15 63) (79 47) 
(52 2) (66 33) (80 96) 
(13 62) (91 29) (10 37) (15 63) 
(98 1) 
(86 83) (31 15) (45 30) 
(97 40) (44 6) (20 98) (12 86) (61 78) (7 43) 
(34 1) (26 21) (12 22) (7 27) (76 70) (42 85) (65 88) (47 31) 
(48 16) 
(37 42) (21 58) (22 67) (45 46) (74 5) (94 23) (38 35) (1 56) (9 12) (76 54) (8 68) (16 96) 
(36 98) (43 93) 
(83 25) (73 28) (80 0) (47 63) 
(78 39) (27 13) (77 94) (60 22) (51 57) 
(80 96) (87 59) (54 99) (39 91) (74 5) (22 35) (32 0) (93 46) 
(28 86) (52 98) 
(27 93) (14 23) 
(64 16) 
(7 59) 
(24 52) (44 54) 
(12 6) 
(19 25) 
(45 94) 
(84 82) (90 69) (19 89) (29 30) (80 64) (62 23) (35 57) 
(82 1) (12 70) 
(51 73) 
(85 90) 
(19 89) (31 47) (1 72) 
(96 80) 
(35 9) (42 37) 
(95 63) (5 58) (33 24) (16 80) 
(89 76) (41 44) 
(51 89) (34 49) 
(31 95) (37 42) (92 54) 
(32 16) 
(51 57) (99 41) (11 61) (76 6) 
(58 21) (73 76) (32 16) (33 24) 
(13 62) (46 39) 
(15 47) (89 44) (75 13) 
(41 12) 
(37 90) 
(30 7) (78 55) (20 98) 
(86 67) (82 97) (12 38) (35 25) (11 13) 
(41 60) 
(44 6) (81 8) (36 66) (95 31) 
(35 41) (94 55) (60 22) 
(62 55) 
(10 85) (1 88) 
(25 60) 
(46 71) 
(74 53) (98 65) 
(69 74) (34 49) 
(87 27) (70 3) 
(18 49) 
(97 8) 
(72 4) (87 91) (44 86) (36 2) (14 7) (94 23) (49 24) (22 51) (64 32) 
(55 91) (73 44) 
(10 69) (46 23) 
(16 80) (26 69) (9 28) 
(25 60) 
(59 61) 
(6 51) (65 24) (72 68) (58 5) (16 48) 
(10 21) 
(7 91) (59 45) 
(35 41) 
(88 4) (84 98) (21 74) (41 44) (29 62) (42 53) (66 33) (77 78) (63 15) (99 25) (86 3) (35 9) 
(74 37) (52 98) (39 27) 
(19 73) 
(94 23) (1 8) (72 20) (4 82) (36 2) (18 49) (95 31) (46 7) 
(58 21) 
(64 80) (69 42) 
(59 13) (20 34) 
(67 41) (40 84) (44 38) (51 25) (26 21) 
(46 71) (40 68) (38 51) (8 20) (16 64) 
(65 88) (55 27) (61 94) (99 57) 
(53 74) 
(19 89) (37 58) (63 95) 
(70 51) 
(98 65) (82 97) (86 51) (30 23) 
(5 26) (85 90) 
(18 97) (4 2) 
(49 56) (63 79) 
(21 10) 
(32 80) (55 91) 
(40 36) (79 63) 
(72 68) 
