(73) (62 7) (4 82) (92 86) (24 84) 
(77 30) (46) 
(11) (82) 
(15 47) (25) 
(27) (46) (88) (84) (77 14) 
(49 8) 
(87 91) (92) 
(11) (26) (12 54) (64) (33 56) (89) (80) (32 96) (69 42) 
(58 37) (88 84) (3) (63 15) 
(72 36) (66 33) 
(83) (20) (35) (12 86) (4 50) (2) 
(97 40) (0 96) (1 24) 
(59) (65) (61 62) (88) (80 16) (19) (63) (47) (27) 
(28) (1 24) (44) (43) (85) 
(61) 
(96 16) 
(82) (73) (55) (30) (33) (94) 
(16) (34) (63) (8 4) (5) (31 95) 
(79 63) 
(78 7) 
(90) (12 38) (3 41) (50) (83) 
(8) (38) (7) (39) (34) (10) 
(4) (56) (39 59) 
(94) (34 49) (70) 
(30 87) (77) (85 74) 
(50 49) (81 24) (77 62) 
(42 37) (98) (43) 
(33 88) (44 38) (43 29) (30) 
(40) (78) (66) (55) (84) (12) (70) (9) (67) (3) (98 65) 
(74) (60) (18 1) (27 61) 
(22) (47 63) (74 53) (55) (4 34) (88 36) (21) (0 96) 
(37) 
(13) (62 7) (94) (18) (66) (19 89) 
(67 9) (77) (5) (63) 
(13) 
(5 42) 
(25) (54) (37) (99) (18) 
(31) (0) (48 16) 
(33) (32) (69) (4) (56) (84) (85 10) (2 17) (94 87) 
(70 3) (7 75) (83) (71) (77) (0) (2) 
(94 23) 
(29 14) (31) (32) (66 81) (15) (74) (49) 
(36) (63 95) (49 24) (76 54) (10) (74) (57) (71) (89) (39) 
(49 8) 
(51) (73) (76) (60 70) (71) 
(7) (91) (38 51) (37) 
(57) 
(33) (46 87) (78) (71) (9 76) (29) 
(74) (6 35) 
(20) (51) (90) (46) 
(43) (35) (23) (10) 
(94) (29) 
(11 77) (58) (90) 
(81) (72) (86) (30) (73 76) 
(70) (32) (42) (47) (35) 
(37 26) (25) (17) (0) (35 57) (59) 
(27) (39) 
(24 68) 
(96 16) (28 86) (50) (72) (22 83) (12) 
(74) (73) 
(41 92) (21) (51 73) 
(76) (45 62) (60) (93) (88) 
(79 31) 
(71) (26) 
(31 95) (0) (37 58) 
(45) (24) (82) 
(21 58) 
(49 40) (52) 
(81) (94) (95 31) (83) 
(30 55) 
(39) (30) (96 0) 
(26 53) (32) (4) (40) 
(19) (71) (84) (76 22) 
(39) (86 19) (89 76) (90) (1 24) (18 81) (49) 
(88) (19 25) (39 59) (66 1) (99 89) 
(68 34) (91) (95 15) (22) (48) 
(3 41) (48 80) (90 21) (69) (68 2) (25) (51 9) 
(18 33) 
(57 12) 
(50) (40) 
(76 86) 
(29) 
(74) (27 61) (30) 
(99 25) (29 14) (77) 
(1) 
(77) 
(37 90) 
(84) (50) (9 44) 
(49) (85) (65 56) 
(80) (64) (19) (88) (22 51) 
(5 10) (62 39) (38 51) 
(4 2) 
(83) (88 4) (19 9) (63 95) 
(98) (40 84) (23 11) (49) (36) (48 80) 
(48 64) (65 88) (94) (75) (78) (87 27) (98) 
(53) (98) (48) (38) (17) (71 59) (33) (5) (68) (39 11) (24) (90) (44 54) (22) (86) (55 91) (15) 
(82 65) (67) (0) (99 25) 
(61 62) (95) (72) (36) (67 57) (82) 
(40 20) (27 45) (91) (43) 
(55) (7 91) (88) 
(95) 
(58 69) (43) 
(61 78) (35) (79 47) 
(14) 
(93) 
(95) (4) (50 1) (0 80) 
(52) (49) (94) (62) 
(51 89) (29) 
(2 33) (80 96) (76) (95) (31) 
(89) (79 95) (92 22) (84 2) 
(16 96) 
(9) (33 56) (57 60) (0 80) (28 86) (16) (61 78) 
(56 52) (40 20) (99 73) (32 48) (71 27) 
(98) 
(44) 
(13) (29 78) (97) (98) (70 3) (23 75) 
(23) (99) (73) 
(47) (68) (94 71) 
(26 53) 
(92) (98) (49) 
(60 70) (8) (61) (73 28) (86) 
(68) 
(39) (4) 
(35) 
(54) (53 26) (0) 
(16 96) (31 15) (89) 
(26) 
(93) (61) 
(48 96) (3) (94) (29 78) 
(74) 
(31) (9) (4 98) (14 87) (85) (27) (59) (72) (51) (55) (3) (88 84) (86 67) (78) (18) (66 97) (62 71) (91) (96) 
(2) (37 42) (39 91) (48) (47 31) (99 41) 
(64) (88 52) (35 9) (18) (78) 
(9) 
(75 77) (53) (89 60) 
(35 57) 
(88) (97) (46 87) (10 69) 
(74 5) (11) 
(82 97) 
(96) (45 94) (69) (8) (49 24) (70) 
(24) (98) (59) (34 81) 
(97 24) (10 85) (98) (99 73) (63) (75) (95) 
(20) (1) (99) (2) (42) (17) 
(35) (97 72) 
(26) (68) 
(87) (44 38) (22 99) (51) (48 96) (86) (78) (89 28) 
(36) (50) (77) (66 1) (72) (51 57) (38) (43) 
(63) (21) (16 32) (44) (28 6) (11 13) (62) 
(59) (44) 
(13) (97) (3 57) (75) (53 74) (34 49) 
(10) (37 74) (22 35) 
(72) (43) 
(0 48) (24 84) (36 66) (95) (81) 
(9) (65 56) (44 6) (88) (13) (21) (99) (0) 
(96 0) (20 2) (93) 
(31 47) (55) (58) (79 95) (36 34) (54 19) (12) 
(20 50) 
(53 26) (96 0) (50 49) (38) (47 79) (84 82) (65) 
(72 36) (2 17) 
(96 48) (47 63) (43) (94) (25 76) (81) (20 34) (82 65) 
(30) (96 32) (69) (52 34) (71) (26 85) (3 41) (44) (50 65) (8) (66) (42) (25 60) (56 36) (22) (23) 
(6 83) (70) (2) (94) (31 95) 
(9) 
(37) 
(18) 
(59 93) 
(28) (10) 
(26) (66 97) 
(32) (86 3) 
(92 38) (44) (32) 
(38) (76 6) 
(31) (67) (39) (8 20) (56) 
(33) (27) (17 88) (51 73) (75 77) (46) (94 71) (10 5) (74) (99) 
(76 38) (88) (90) (15 79) (34) (43) (37 42) (81) 
(92) (93) 
(54 3) (93) 
(30 7) (4) (90) (17) (43) (9 44) (11) (97) (19) (51 25) (33) (39) (16 96) 
(78 39) (42) (70) (64) (24) (47) (60 54) 
(65) (38) (80) 
(58) (85) (83) (51) (31) 
(69) (93) (12) (87 75) (82) (57 60) (64) (76) 
(18 65) (59 93) 
(65 8) 
(20 18) (47 79) (44 6) (34) (11 77) (67) (12) (15 95) (0) (49 40) 
(85) (14) (18 33) (76) (97) (80) 
(12) (97) (77 14) (57) (0) 
(79 31) (57) (54 51) (8) (11) (30) (64) (2) (4 98) (63) (37) (39) (26) 
(56) (73) (49) (31) (9) (54) (98 81) (80 0) 
(61) (71) (85) (31 79) (38) 
(66 81) (53) (85 58) (22) (39 43) (64) 
(39) 
(26 5) 
(17 40) 
(61) (60) (81 24) (34) 
(68 66) (9 92) (10) (6 67) 
(3) (17) (78 23) (29 62) (70) (53 74) 
(4 18) 
(30 7) (39) 
(58) 
(6) 
(24 68) (11) 
(14) 
(49 88) (94 39) (9) (56) (33 8) 
(18) 
(86) (89) (31) 
(58) (31 15) (32 16) (83 25) (47) (49 8) (0 48) 
(47) 
(30 71) (52) (59) (12) (21 74) 
(54) (75) (73 44) (25 76) (17) (59 29) 
(68) (62) 
(82) 
(67 9) (85 74) (42 5) (33 8) (53 26) (12 22) 
(32 64) (69 58) 
(72 4) (37 42) (26 21) (47 95) (68 2) (51 41) (0 32) (25 12) (89 76) 
(29 46) 
(23 75) (93 62) 
(60 38) 
(27 93) (99 73) (46 71) (76 54) (64 80) (59 29) (66 1) (62 55) (56 20) 
(86 35) 
(52 66) (78 71) (58 37) (48 32) (87 91) (15 95) (1 56) 
(96 16) (11 93) (52 66) (23 75) (42 5) (9 92) 
(67 73) 
(16 64) (52 98) (8 68) 
(69 42) (73 44) (76 86) 
(63 79) 
(85 10) 
(33 40) (89 44) (55 11) (54 83) (86 19) (46 7) 
(70 3) (74 37) (71 91) 
(76 6) (96 16) 
(44 86) (52 34) (22 51) 
(86 99) (43 45) (22 3) (84 98) (73 92) (40 4) (85 10) (35 57) (59 61) (76 70) (64 0) 
(67 41) (75 61) (18 97) (74 37) 
(40 68) (23 11) (64 48) 
(34 17) (51 25) (32 64) (69 90) (92 70) (52 82) 
(10 21) (61 78) (99 89) (71 59) (64 32) 
(83 89) (86 19) 
(78 39) 
(82 49) 
(85 90) (36 82) 
(54 83) (40 84) (16 0) (36 50) (98 65) (91 13) 
(29 62) (31 47) (55 59) (9 44) 
(60 38) (39 27) (44 70) 
(55 43) 
(2 65) (83 25) (16 0) (32 48) (43 29) (38 51) (30 39) 
(74 53) (20 82) (51 89) (70 83) 
(32 16) 
(14 87) 
(56 68) (17 40) (36 98) 
(83 41) (45 78) (30 39) (35 89) (26 21) (43 61) (22 19) (10 53) 
(30 55) 
(17 40) (51 25) (92 38) 
(39 11) (69 58) (77 14) (46 87) (55 27) (18 65) 
(35 25) (13 46) 
(69 10) (84 98) (81 40) (42 21) (37 58) (91 45) 
(25 44) (56 20) 
(8 68) (61 30) (86 99) (40 36) 
(40 20) (78 87) (68 98) (29 94) (7 43) (84 2) 
(5 42) (65 88) 
(18 1) (56 4) 
(91 93) 
(90 53) (85 10) (60 54) (49 88) (15 63) 
(41 12) 
