(93) 
(66 65) (89) (68) 
(52) (96) (0) (98) (64) (55) (61) (62 23) (86 99) 
(85) 
(6) 
(16) (74) (13) (27) (29) (40) 
(87 91) (9) (98) (1) (95 63) 
(81 40) (22 67) 
(40) (88) (55 91) (83) (18 81) 
(8) (16) (29) (7) (80) (20) (56) 
(29) 
(70 51) (89) (15) 
(7) (68) (33) (5) (82) (11) (90) (25) (31) (57) (38) (27) 
(68) (70) (32) (39) (71) (48) 
(38) 
(27) (90) 
(76 38) (13) (70) 
(4 82) 
(25) (11 13) (53) (61) 
(10) (9) (90 37) (0) 
(28) (7) 
(20 66) (64) (35) (96 32) (43) (49) (6) (17) (22) (87) (82) (21) 
(44 54) (17) (70) 
(19) 
(45) (59 13) (7) (3) (6) (47) (46) 
(31) (96) 
(59) (79) 
(66 49) (13) (27) (95) 
(15) (41) (91) (75 29) (24) (40) (19 25) 
(93 14) 
(68) 
(75) (5) (54) (88) (93 94) (68) 
(52) (32) (84) 
(10 69) (73) (68 2) (26) 
(91) (19) (55 27) (85) (79) (32) (50) (21) (40) (43) (44) (81) (95) (15) (34) (47) (48) (7) (10) (26) (37) (62) 
(61 62) (24) (31 79) (26 53) (16) (84) (57) 
(90) (91 77) (14 23) 
(47) 
(56) (60) (5) 
(57 12) (16) (51) (17) (87) (63) (19) (11 29) 
(30) (58) (51) (15) 
(75 13) 
(87) (11) 
(90) (58) 
(47) (27) (14) (17 8) (69) (85) (43) (95) (67) (75 61) (6) (87 59) (98 49) (81) 
(36) (12) (81 24) (54) (29 30) 
(44) (37) (43) (38) (99) (26 5) 
(72 84) (93) (79) (31) 
(47 31) 
(27) (72) (34) (26 37) (88) (65) (15) (52) (23) (8) (41) (12) (87 91) (71) 
(83) (50) (67) (60) 
(37) (24 20) 
(96) (12 54) 
(74) (8) (65) 
(87) 
(58) 
(2 1) (28) 
(76) 
(82) (31 79) (32 96) (20) (22) (63) 
(85) 
(56) (5) (30) (39) (58) (86) (77) 
(54) (21) 
(77) (15) 
(28) (22) (10 53) (49) (6) (95) (97) 
(72) (99) (71) (29) (91) (1) (7 27) (94 55) (84) (87) (3) 
(84 66) (98) (65) (94) (73) (22) (50) (86) (93) (81 8) 
(71 27) (7) (15) (18 97) 
(70) (50) (43 61) (55) (11) (30) (68) 
(16) 
(10) (1) (36 18) (46 39) (17) 
(40) (32 64) (44) (31) (26) 
(32 80) (93) (38) 
(45) 
(25) (40) (51) (4) 
(24 68) (7) (94) (6) 
(76 70) (59) (3) (88) (49) 
(70) (47) (51) (71) (5) (68) (77) (92) 
(83) 
(75) (45) (43) (63) (33) (83 73) (55) (95) (77 46) (98) (13) (36) (59) 
(52) (98) (22) 
(50) (18) (41 12) (9) (77) (14) 
(35) (52) (23) (38) 
(49) (71) 
(29) (48 0) (52) 
(0) (71 11) (45) 
(24 68) (46) (61) (65) (81) 
(75) (60) (28) (70 3) 
(94 23) (48) (84) (39 11) (4) 
(28) 
(4) 
(59) (82) 
(8) (42) (12 54) 
(89) (85) (63) (2) (28) 
(38) (61) (99) (93) (86) 
(68) (58) (32) (27) (77) (8) 
(70) (12) (60) (71 27) 
(38) (17) (44) (81) (77) (75 13) 
(65) 
(69) (44) (92 22) (54) (48) (56) (41) (29) (82) (46) (33) 
(58) 
(34) (64 48) (45) (73) (13) (9) (18) (90) (60) (24) 
(83) 
(29) 
(97) (39) (93) (67) 
(17) (28) (0) (39) (74) (42) (79) 
(43 13) (75) (64 32) (82) (20) (79) (60 86) (65) (38) (27) 
(92 6) (8) (0) (15) (18) 
(26) (90) 
(3) (5 10) (41) (74 21) (7) (49) (45) (69) (75) (78) (30) 
(29) (44) (74 37) 
(63) 
(32) (24) (54) (29 14) (52) 
(23) 
(17) 
(44 70) (14) (20 98) 
(85) (28) (69) (14) 
(67) (70) (68) (21 90) (11) (13) 
(39) (76) (69) 
(47) 
(41) (62) (78) (68) (1) (71) (99 89) (4 66) (30) (6) 
(20 66) (9 44) 
(55 11) (25) (16) (32) (18) (79) (41 92) 
(93) (70) 
(34) (93) (77) 
(13) (75) 
(74 37) (24) (90) (83) 
(44) 
(42) (38) (69 26) (0) (37) (86) (74) (55) 
(61) (48) (18) (64) (71) (88) (82) 
(85) (56) (78) (70) (66) (37) 
(11) 
(54) 
(19) (44 38) (45) 
(38 19) (70) (79 95) (86) (98 81) (73) 
(23) (3) (82) 
(82) 
(20) (95) (76) (99) 
(43) (37) 
(7) (70) (1) (59) (41) (16) (97) (99) (62) (55) (43) 
(28) 
(66) (76) (96) 
(88) (81) (14) (36 34) (24) (79) (38) 
(13 62) (77) (10) (82) (55) (88) 
(48) (41) 
(5) (90) 
(85) (7 27) 
(81) 
(84) (35 41) 
(5) (19) (82 65) (0) (78) (4) (16) (80) 
(60) (46) (63) (83) (72) 
(53) (97) (71) (61) (7) (29) (37) (74) (66 17) (19) (58) (4) (46) 
(47) (32) 
(94) (39) (54) (88) (63) 
(83) 
(98) (51) 
(69) (66) (64) (81) (33) 
(91) (4) (71) (1) (90) (82 49) (54) (35) (72) (62) (44 70) (74) (57) (99) (40) 
(92) (90) (12) (41 28) (20) (94) (88) (46) (10 53) (44) (61) (22 67) (47) (35) (30) (5) 
(80 16) 
(57) 
(76) 
(98) 
(21) (47) (37) (49) (51) (62) (45) (99) (80) 
(98) (35) (15) 
(32 64) (6) (92) (36) 
(68) (37) 
(43) 
(33 56) 
(0) 
(48 32) 
(55) 
(31) (30 39) (91) 
(67) 
(71) (72) (90) (34) (37) (60) (48) (17 40) (93) (20) (18) (76) (57) (31) 
(67 41) 
(22 3) 
(28) (14) (94) (75) (43) (41) 
(32) 
(54) (17) (13) (38) (99 41) (93) (24) (86) 
(6) 
(14 55) (24) (81) 
(99) (8) (36) (27 13) (51) (92) 
(85) (61) 
(37) (45) (21) (22) (73) (34 1) (10) 
(19) (75) (92 54) (28) 
(18) 
(39) (37) (27) (38) (41) 
(36 66) (19) (72) (16) 
(10) (31) (78 23) (38) 
(56) 
(24) (52) (37 26) 
(57) (92 22) (75) (87) 
(14) (49) (60) (9 76) 
(74) (61) (30) (36) (63) (57) (6) (96) 
(19 73) (54) (81) (6 67) (48 80) 
(4) (46 7) (21) 
(38) (97 72) (1 8) 
(80) (56) 
(50) (80) (72) (68) (78) 
(77) (30 55) (60) (9) (1) (75) (8) (26) (27) (73) 
(51) 
(50) (63) 
(39 91) 
(33) (27) 
(95) 
(62) (17 8) 
(91) 
(18 97) 
(40 36) (66) (65) (64) (71) (42) (27) (25) (46 7) (21) (30) (89) (10) (55) (45) (75) 
(86 35) (19) (90) (10) 
(70) (79) (73) (74) (48) (41) (80) 
(65) (61) (67) (62) (2) (55) (89) 
(22) (91) (28) (29) (27) 
(22) (35 89) 
(41) (24 20) (28 54) 
(28 70) 
(79 63) (55 91) 
(13 62) (38 19) (5 10) (23 75) 
(80 0) (29 14) (94 87) (30 71) (97 8) (28 54) (23 43) (56 52) 
(91 93) 
(35 41) (48 0) (14 55) (19 73) 
(98 81) (11 77) (20 18) (46 7) (92 6) (85 90) 
(96 32) 
(34 65) 
(61 46) (89 12) (24 36) (85 26) (15 47) (25 28) (73 44) (94 7) 
(51 57) (61 46) (28 38) (49 8) 
(59 77) (15 31) 
(49 24) (19 25) 
(0 16) (21 90) (75 93) (76 22) 
(49 8) (91 13) (79 95) 
(40 20) 
(38 99) 
(69 26) 
(24 52) (49 72) (86 83) (63 79) 
(34 33) (16 96) (3 57) 
(36 50) (55 43) (35 9) 
(50 33) (86 99) (28 22) (46 39) (52 66) 
(29 30) (8 68) 
(99 73) (35 41) (13 14) (20 2) (66 97) (28 22) 
(62 39) (98 17) 
(25 28) (44 22) (39 43) (90 85) (48 16) (61 30) (55 27) (19 73) 
(37 58) (59 77) 
(64 32) 
(98 1) 
(53 90) (65 8) 
(84 82) 
(43 61) (23 11) 
(40 4) (84 2) 
(67 41) (11 45) (26 69) (2 65) (30 55) (33 40) 
