(27 30) 
(17) 
(28 51) (92 99) 
(33) (97) 
(74 26) (77 87) (5 37) (89 22) (1 4) 
(99 28) (71) (36 97) (44 3) (7 29) 
(43 30) 
(41) (40 66) (57 38) (90) 
(71) (83 44) (76 67) 
(94) (3) (89) (57 22) 
(53) 
(19 44) 
(32) (30) 
(49 84) (66) (3) (25 6) (7 77) 
(84 81) (68 17) 
(96 32) (94) (72 66) (39 45) 
(96 48) 
(84) (44 51) (56 50) (13) (16) (52) (30 59) (55) (0 48) (9 22) (76 35) (74 42) (63 79) (99 60) (69 5) (82 40) 
(46) (38) (8 34) 
(81 20) (15 95) (17 4) (83 92) (7 77) (25 6) 
(44 19) 
(6 25) (58) 
(2 88) (99 92) (54 89) (86) (68) (77 39) 
(43 94) 
(36) (38 57) (73) 
(87) (13) 
(84) (71 93) (52 1) 
(97 20) (68 81) 
(29) (12) 
(5) (3) 
(81 84) 
(95) 
(55 29) 
(23 29) 
(66 72) 
(16 64) (55 45) (0 96) (5 69) (78 11) 
(68 97) (33) (65 20) 
(61) (27 30) (62) 
(68 33) (78 91) (23 93) 
(71) (35 92) 
(6 41) (46 27) (77 39) 
(6 9) (44 35) (36 33) (54 57) (52 65) (84 97) (13 71) (34 24) 
(78 27) (84) (17) (66 56) (50) (14) (61 39) 
(84 81) 
(72 82) 
(30 75) (83 60) (72 66) (15) 
(29 55) 
(3 92) 
(24) (80 48) (55) 
(12 3) (75 14) (71 13) 
(6) (56 50) (20 65) (90) (80) 
(88 50) 
(1 20) (25) (85 5) (45 71) (97 36) (24) (34) 
(61) 
(97 4) (23) (34) 
(92) (75) 
(44 67) 
(88 50) (62 43) (42 26) (46 91) (35 60) 
(84 33) (16) (41 22) (21 69) 
(91) 
(26 58) 
(71) (78) (69 53) 
(79 47) (39 45) (25) 
(26 58) (19 60) 
(59 78) 
(55) (40 18) (36) (35) 
(83) 
(92 35) (0 16) (38 9) (82 56) (86) (74 58) (40 66) 
(9) (89 86) (17) (34) (37 85) (28 99) (48 16) (15 47) (84 81) 
(53 85) 
(84) (74 42) 
(29 87) (5 53) 
(37 5) 
(16 48) (94 75) (54 41) (35) (38) (40) (90 42) 
(46) 
(57 6) 
(40 50) (96 48) (86) (46 27) (42) (54 25) (87 13) (77 39) 
(24) 
(9 70) (27) (60 83) 
(98 56) (47) (2 72) (38 57) 
(72 66) (26 42) (90 58) (64) (86 9) (14 11) (2 24) (16 0) 
(89 70) (14) (69 85) 
(67) (84) (70) (10) 
(6 41) (16 96) (51 44) (97 20) (2 8) (59 94) (53 69) 
(24) (52 97) (35) 
(78 91) (68 97) (92 3) 
(71 93) 
(17 36) (0) 
(48) (35) (49) (45) (80 16) (71) (47) (28 51) (8 2) 
(17) 
(40) (23) (31 63) 
(85) (77) (54 57) (88 2) 
(80 32) (60 67) (13 39) (63 47) (49 52) (94) (43) 
(90 26) (87 45) (78 43) (4 33) (41 38) (91) (32) (79 15) (81 36) (69) (60 83) (99) (94 11) 
(18 40) (26 58) (65 68) 
(17 84) 
(2 8) (71) (45 87) (84) 
(41 54) (36) (96 32) (61) 
(39 77) 
(81 84) (62) 
(20 49) (3 92) (97 84) (75 94) 
(60) (51) (27 30) (15 63) (80 64) 
(78) (38 25) (6) (27 30) (47 63) (34) 
(76 19) (21 5) (91 78) (99) (4 33) 
(68) 
(76 35) (20 33) 
(87 93) (35) (48 0) (36 1) (88) (71) (78 91) (26 74) (76) (17 20) (25) (2 24) (44 67) (98 56) (73) (28 19) (75) (40) (79) (14) 
(97 52) 
(38) (22 73) (66) 
(16) (57) (21) (93) 
(29) (4 81) (90 58) 
(54 57) (88) 
(63) (33) (80 16) 
(99 60) (4 97) (50 88) 
(60 83) 
(68 1) (10) 
(45 23) (1 84) (22 89) (50 88) 
(72 34) (45 39) (8 66) (49 4) (77) (16 80) (12 35) (33) 
(29) (70 89) (2) (62 91) 
(71 13) (64) 
(92) (46 59) (84) (6) (26) 
(4) (98 40) (7 61) (38) (75 46) 
(98) (63 15) (41 70) (86) 
(89) (99 76) (75 46) (28 3) (33 20) (50 88) 
(99 76) (25) (4 49) (64) 
(18) (7 93) (33) 
(89 70) (72) (31) (88) (96 32) (0) (24 98) (60 83) 
(18 8) (1 68) (14) 
(58) (65 84) (29) (99 76) (8 50) (27 46) (86) (45) (0 32) 
(1) 
(80) (92) (67 12) (29) 
(11) (66) (46 75) (92 99) 
(95 47) (23 45) (33 52) (54) 
(42 26) (40) (12) 
(6) (12 3) (94 91) (9 86) 
(11) (73 6) (8 66) (55 77) (89 38) (72) (49 36) 
(41 38) (77 39) (1) (16) 
(84 1) 
(76 3) (86) 
(58 74) (78 11) (91 30) (50) (61) 
(97 4) (8 50) 
(13 55) (46 91) 
(28 67) 
(93 23) (28) 
(4 65) (14 27) (9 6) (58 90) 
(63 31) (86 73) (92 51) (0 96) (17) (41) 
(69 5) (9 70) (33) 
(4 33) (46 75) (67 12) 
(96 32) (51 28) (2 56) (88) (11 46) (17 68) (94 43) (19) (5 69) 
(60) 
(14 75) (80) (70 57) (82 40) 
(55 93) (54 89) (95 15) 
(90 26) (88 50) (6 25) (4 49) (54 89) (56) (59) (11 78) 
(22 89) (50 24) (36 1) 
(11) (62) (32 0) (78) (73) (96) 
(53 69) (35) 
(94 75) (79 47) (22 41) (91 46) 
(27 30) 
(65 4) (21 69) (33 52) (44 3) (88 82) (37) (30 27) 
(98 8) (80 48) (28 51) (97 36) (1) (57 86) (24 82) 
(48) (95) 
(34 88) (24 50) (46 11) (25 38) (37) (51) 
(22) (89 54) (5 37) (99) 
(43) 
(56 98) 
(21 85) (76 99) (52 49) (22) (9) (56 50) 
(40 66) 
(95 31) (91) (97 52) (46) (63) (34 24) 
(87 77) (35) (67) 
(67 92) 
(7) (99) (18) (48 32) 
(82 56) 
(0 32) 
(32 80) 
(18 88) (24 50) (94 43) 
(3 76) (80 96) 
(4 17) (59) (12 83) (96 64) (67 44) (69) (13) 
(90 26) (92 83) (2 40) (85 37) 
(46) (9 86) (93 23) (55) (16 64) (74) (1) (39 77) (42 10) (98) (92 67) (5 69) (50) (17 68) (52 81) (65) 
(86) (89) (78 91) (26 58) (73 70) 
(92 99) 
(36 49) (28) (69) 
(24 18) 
(2 24) (80) (42) (1 20) (60 3) 
(96 48) 
(92 19) 
(23) (26 42) (90) (46) 
(17 20) (12 67) (43 94) (63 47) (45) (19 28) (61) (39 29) (88 66) (1 36) 
(78) (34) (96) 
(46) (35) (65) (61) (30 27) (56 82) 
(18 8) (0) (3 28) 
(61 71) (28 51) (62 91) 
(31 95) (7) (32) 
(11 14) 
(54 9) (49 4) (32 16) (76 83) 
(49 4) (25 6) 
(39 13) 
(53 5) (72 82) (28 83) (86 57) (48 64) (89 6) 
(21 85) 
(77 7) 
(41 22) (39 93) (69 37) (34 56) (96 16) 
(96 64) (80 0) (1 36) (27 94) 
(30 43) (79 95) (13 39) (75 78) (5 69) (93 71) (74 58) (35 92) (55 45) 
(74 42) 
(75 78) (52 97) (26 90) (54 57) (61 7) (44 35) (56 18) 
(75 78) (57 6) (52 65) 
(67 28) 
(48 32) 
(17 36) (39 29) (33 84) (21 69) (35 28) 
(80 32) (17 84) (81 36) 
(10 42) 
(19 76) (82 40) (68 49) (94 59) 
(21 5) (52 17) 
(44 19) 
(96 32) 
(57 70) (4 65) (32 16) (39 77) 
(21 69) (63 31) 
(37 5) 
(26 74) 
(34 40) (88 2) (33 4) (70 9) (59 62) (28 19) (92 51) (21 5) 
(19 12) (44 83) 
(10 74) (61 87) (89 86) (30 91) (51 28) (75 78) (20 17) 
(20 65) 
(53 5) (18 72) (34 24) (92 35) (25 22) (46 91) (64 48) 
(70 9) (37 5) (84 1) (0 16) (13 71) (72 2) (29 7) 
(59 14) 
(15 47) 
(3 44) (53 5) 
(20 17) (70 73) (14 27) (42 26) (88 82) (15 63) (68 49) (8 2) 
(44 99) 
(20 65) 
(44 67) (81 52) (87 13) 
(50 72) (99 12) (73 70) (91 30) 
(77 87) (89 54) (95 63) (92 19) (25 22) 
(28 83) (19 60) 
(50 56) (28 3) 
(82 24) 
(4 17) 
(57 54) (25 6) (37 69) (29 39) 
(76 3) (4 65) (88 18) (6 25) (1 84) (56 66) (15 31) (45 87) (92 35) 
(3 28) (64 80) (4 17) 
(27 78) 
(81 4) (52 49) (42 58) (85 69) (96 48) (24 50) 
(14 91) (42 26) (44 67) (87 77) (34 72) (74 10) (20 97) (57 70) 
(92 67) 
(57 54) (82 56) (68 65) (11 14) (99 28) 
(87 45) (18 8) (83 28) 
(77 87) 
(41 38) (91 94) (45 39) (73 22) (12 19) 
(2 8) (45 23) (41 86) (90 10) (92 83) 
(58 26) (44 99) (6 57) 
(77 87) 
(8 34) (18 88) (63 31) (66 56) (94 43) (23 29) (22 57) 
(61 55) (12 67) (69 37) 
(73 6) (88 50) 
(1 36) (76 83) (63 15) (25 22) 
(3 44) (39 13) (75 30) (49 4) 
(6 73) 
(66 72) (79 47) (76 51) 
(52 1) (55 45) (86 41) (40 34) (22 9) 
(90 42) (64 80) (77 71) 
(54 41) (0 16) (89 70) (12 67) (19 76) 
(6 89) (68 65) (56 82) (2 8) (72 18) (29 71) 
(32 48) 
(18 56) (32 16) (28 83) (60 3) (40 98) (94 43) (89 22) (46 11) (4 17) (30 91) 
(8 2) (43 94) 
(87 93) (75 78) (11 46) 
(11 30) (68 97) (23 93) 
(36 81) (50 88) 
(31 95) (30 11) 
(46 75) (87 13) (47 63) 
(36 49) (16 64) 
(11 78) 
(33 52) (77 23) (18 88) (15 31) (16 80) 
(88 66) (95 15) (36 17) 
(95 31) (28 99) (62 27) (98 56) (5 53) (33 36) (42 26) 
(28 99) (69 85) 
(62 43) (55 77) (11 94) 
(91 30) (70 89) 
(27 78) (36 1) (35 12) 
(43 94) (77 71) (28 83) 
(4 49) (38 9) (30 11) (54 73) 
(70 9) (32 64) (67 76) 
(44 83) 
(34 40) (95 31) 
(40 2) (36 17) 
(25 22) (94 27) 
(81 52) (57 22) (29 87) (36 33) (75 62) (1 68) 
(95 79) 
(31 95) 
