(57) (30) (96 32) (40) (27) (92) (83 28) (48 16) (63) (35) (62 43) (19) (76) (59 14) 
(51) (18) (88 66) (36 33) (21 37) (52) (54 25) (23) (56 82) (61) 
(72) (25) (21 53) 
(55 93) (57 70) (15 79) 
(98) (77) (79) 
(27 78) (6 9) (43 62) 
(10) (84 33) (4) 
(1) (47) (41) (84 17) (96 80) 
(71) (12 83) (76) (99) 
(88) (25 38) 
(44) (42) (0 80) (91) 
(92 51) (25 6) 
(59) 
(2) (29) (27 30) (11 94) (83 12) 
(34) (83) (29 39) 
(43) 
(32) (92 19) (26) (95) (52 33) (1) (22) (11) 
(83 12) (48) 
(18) (35) (33 4) 
(9 38) (89) (68) 
(62) (39) (63) 
(21) (33) (30) (82 24) 
(71) 
(63) (87) 
(5) (92) 
(24 50) (65) (31) (2) (39) (45 87) (22) (8 82) (99 28) (80 16) (43) 
(76) (24) 
(41) (29) (22) (0) (73 70) (51) (60) (38 57) 
(3) 
(0 96) 
(87 13) (44) (66) (80) 
(36) (0) (88 34) (67 12) 
(60) (88 66) (11) 
(89 6) (27 94) (92 51) (55) (22) (76) (81) (44) (52) (86) 
(34) (70 57) (1 84) (47) 
(64) (17) (75) (73) (92) (49) (61) (56) 
(99) (12 3) (89 86) (33 4) (2) (52) (56) (62) (78 59) (16) (60 19) (13 23) (68) 
(51) (18 56) (72) 
(66) (93) (55) (41) (16 96) (82) 
(97) (9 70) (60) (34 8) 
(54) (98) (32) 
(78) 
(70) (89 6) (30) 
(98 24) 
(43) (71) (76) (83) (27) 
(54) (45) 
(74) (64) 
(10) (19 76) (55 61) (36) (3) (90) (95) 
(82 24) (32) 
(83) (9) 
(3) (62) 
(87) (34) 
(58) 
(69 53) 
(97) (96) (46 27) (6 73) 
(52 97) (23) (51 60) 
(45 87) 
(8) (96) (54) (39 61) (70) (75) (65 68) (72 2) (80) 
(13) (15) 
(82 56) (55 61) (63) (19) (89) (99) (32) (58) (14 75) (76 51) 
(27 78) (36) (60) (6 25) (39) (75 62) 
(56) 
(92) (53) (44) (73 54) (11) (20) 
(51) (58) (86 41) (61) 
(86 89) (36) (94) 
(84) (26) (44) 
(71) (29) (9) (15) (51 12) (58) 
(56) (15) (73) 
(98 88) (22) (52) 
(98) (3) (11) (73 70) (34 40) (67 92) 
(81 4) (8) 
(55) (89 54) 
(16 80) (56) (66) 
(55 29) (8) (80) (77) 
(78) (30) (29) (28) (52) (83 60) 
(84 1) (96) 
(70) 
(63 79) (38 41) (88) 
(99) (77) (2) (41 54) 
(34 24) 
(66 72) 
(28 51) (75) (81) (33) (76 83) (57) (42) (31 15) (94) 
(20) (25 38) (67) (27) (52) (11) (65) (54 9) 
(36) (11 30) 
(8 18) (50 56) (4 17) (71 77) (65 36) 
(16) (96) 
(21) (87) (84) (91 30) (88) 
(69) (93) (57) 
(58 74) (25) 
(86 89) 
(15) 
(81 4) 
(81 20) (31) (98) (49) (63) 
(27 78) (4) (8 66) (38) 
(39) (6 89) (46) (3) 
(58) 
(40 82) 
(29 39) (20 1) (54 73) (51) (99) (96) (84) 
(74 90) (38 41) (51) (21) (34 56) (73) (9) (36) (14 27) (31 15) (3) (33) (81) (48) 
(50 8) (75) (86) (3) 
(10 90) (88 66) (64) (39) (84) (12) (60) (46) (36 17) (9 38) (80) 
(11) 
(44) (17) 
(61) 
(5) (88 2) (31) (76) (46) (75) (78) (86 73) (64 16) (27 30) 
(89) (62) (67) (3) (2) (65) (59) (61 23) (15) (29) (46) (55) (79) 
(62) (89) (59 46) 
(64) (9) (39) (0 80) (1 52) (97) (33) 
(30 75) (28) (54) (7 45) (3 92) (11) (53) (70) (61) (79 15) (72) (64 96) (68 81) 
(63) (70) (51) 
(89) (14 59) (20) (41) (56 34) (53 5) 
(1 68) 
(87) (64) (74) (3) (29) 
(55) (63) (72 66) (8) 
(99) (70 41) 
(50) (98) (83 28) (79) (4) (72) (36) (44 99) (77) 
(73) 
(80 16) (57) (54) (96 64) (1) (24 98) (32) (60 51) (14) (88) (89) (65 36) (74) (66) (78 27) (91 46) (9 86) (39) 
(29) (33 4) (36) (42 74) (12) (22 25) (41) 
(86) 
(88 18) (17) (32 0) (75) (22) 
(69) (84 65) (10 26) (8 34) (0 64) (37) 
(44) (37) 
(10) 
(73 22) (64 48) 
(62) (56 50) 
(45 71) (44) (25) 
(75) (80) (32) 
(63) 
(56) (25) (36) (23) (68 81) (30 91) (4 1) (62) (43 14) (34) (63) 
(83 92) (39) 
(26) (44) (14) (93 87) (31) (55) (13 71) (79) (4) 
(12) (66 88) (69) 
(45 55) 
(90 10) (67) 
(36) (24) (88) (14) (25) (50 56) 
(41 70) (92) (73) 
(27 78) (93) (92 35) (18 56) (44 3) (85) (29 23) (74) 
(76) (6) (23) 
(94 27) (52) 
(14) (30) (77 87) 
(20) (8) 
(51) (45) 
(98) (31 15) 
(11 78) (36 97) 
(1) (33) (34 72) 
(64) 
(39) (31) (74) (40) (84) 
(2) 
(27) (99) (98 88) 
(51) (71) (34 40) (97 36) (45 87) (39) (14) 
(80) (56) (38 73) 
(4 1) (87) (37) (11) (50) (66 72) (81) 
(34) (86) 
(20) (21) (36 65) (24) 
(80) 
(63) (21 85) (49) (32) 
(68) (84 49) (76) (36) 
(76 83) (70) 
(38 9) (92) (88) (19) 
(90) (82 24) (13) 
(7) (71) 
(75 94) (32 48) (99) (73 86) (83) 
(35 60) (80) (56 50) (90) 
(46) (41) 
(39) (0 48) (89 22) 
(31) 
(71) (20) (58) (23 93) (41 38) (96 0) (24) (9 54) 
(68) 
(87) (57 38) (24) (61) (53) 
(86) (88 50) (47 79) (81 20) (98) 
(50) (6 41) 
(43) (82 56) (80) (92 19) 
(41 54) 
(59 46) (51 44) (5 37) (98 24) (31) (3 76) 
(17 20) (25) (24) (23) 
(3) (91) (67) 
(50 72) (17 68) (99) (80 64) (67 28) (63) (48) 
(69 53) (93) (65 20) (84 97) (27) (57) (61) (47 79) 
(5 85) (99) (64 48) (81) (97) (45) 
(8) (26) 
(91) 
(11) 
(12) (0) (52 33) (38) (46 59) 
(78 27) (81) (66) (17) (55) (70) (5) (75) (57 54) (11) 
(46 43) 
(78) (8) (35 76) (83) (47) (2) 
(79) (27) (16) 
(85) (36 65) (20) 
(43 62) 
(7 13) (93) 
(78 11) (63 95) 
(12 35) (89 6) 
(2 72) 
(76 3) (85 37) (19 12) (8 50) (22 25) (88 18) (9 86) 
(32 48) (88 34) 
(31 79) (35 60) (61 87) (6 57) 
(20 97) (44 19) (79 47) (53 5) 
(74 26) (35 44) 
(34 24) 
(47 63) 
(97 68) (41 86) 
(26 90) (72 2) (59 14) (49 36) (48 96) (38 9) 
(37 21) (55 13) 
(9 6) 
(21 85) (62 91) 
(41 70) (91 14) 
(80 64) 
(11 62) 
(60 3) 
(21 5) 
(33 36) 
(29 7) (35 76) 
(39 93) (64 16) (32 80) (87 29) (88 2) 
(44 67) (2 56) (77 39) (51 60) (99 76) (41 6) 
(75 78) (64 32) (59 62) (7 61) (24 2) 
(68 1) (90 10) (2 24) 
(39 77) 
(11 30) (48 96) (28 51) (86 9) 
(62 43) (22 25) 
(83 12) (82 72) (10 42) (47 31) 
(28 51) 
(8 82) 
(84 1) (27 94) (83 12) 
(27 46) (41 86) 
(89 22) (60 99) (24 66) 
(74 58) (87 29) (4 49) 
(73 22) (47 79) (38 9) (35 60) (23 61) (36 49) (6 41) 
(4 49) 
(0 64) 
(81 20) 
(88 50) (68 1) 
(2 72) (93 39) 
(44 99) (17 20) (56 66) (21 53) (14 11) (45 55) 
(33 52) (41 38) (84 97) (53 37) 
(41 86) (5 69) (62 59) 
(45 23) (5 85) (54 73) (24 66) (76 67) (97 4) (17 84) 
(86 25) (94 43) (7 29) (15 95) (64 80) (97 52) (82 72) 
(3 12) (73 38) (75 62) (57 6) (28 99) 
(93 7) (83 28) (64 32) (47 63) (61 87) (46 59) 
(56 34) (77 7) 
(58 26) (20 97) (28 51) (45 55) (86 9) (59 14) (18 56) (42 74) 
(62 75) (15 79) (28 51) 
(41 70) (91 14) (68 65) (61 23) (64 96) (76 83) 
(74 42) (97 20) (80 64) 
(67 76) (56 18) (9 54) 
(17 4) (72 98) (29 39) 
(8 98) (44 3) 
(82 72) 
(45 39) (43 62) (36 1) 
(83 28) 
(93 39) 
(96 16) (6 73) (61 55) 
(28 83) (70 89) 
(83 76) 
(79 15) (97 20) 
(90 10) (49 68) (74 58) (73 6) (24 34) (76 83) 
(65 52) (74 10) 
(44 3) (36 17) 
(70 73) 
(94 59) 
(66 40) (38 41) 
(85 5) (88 2) 
(17 84) 
(90 26) 
(43 62) (53 69) 
(2 56) (33 20) (69 37) (8 82) (25 6) 
(99 44) (90 10) (73 70) (54 89) (25 6) (61 55) 
(28 67) (42 90) 
(35 60) (97 52) (79 15) (30 11) 
(70 89) (45 23) (79 31) 
(92 99) 
(28 67) 
(11 30) (61 7) (15 63) (28 51) 
(96 32) (58 74) 
(29 71) (82 24) (31 15) 
(75 14) 
(52 97) 
(39 77) (63 47) 
