(22 25) 
(65) (19) (93) (79 95) (89) (49) (61) (2) (75) (33) (74) (43 94) (41) (56) (16) (29) (25 38) 
(52) (34 72) (42) (12 35) (94) (79) (55) 
(57 6) 
(87) (83 76) (21) (72 82) (49 4) 
(42 10) (62) 
(59) 
(62) (64) (86) (67) (87) 
(98) (95 31) (64) (55) 
(64 32) (65) (55) (30) (69) (26) (44) 
(21) (78) (58) (49) (60) (7) (81) (65) 
(42) 
(53) (99) 
(48) (11) (97) (53) 
(71) (68 65) (28) (20) 
(70) (66) (26) (20) (99) (46) 
(28) (70 25) (18) (23) (62) (24 50) 
(31) (83) (66) (36 65) (82) (5) (25) (81 52) (63) (90) (38 41) 
(85) (25) (54) (73 70) (43) (99) (97) (90) 
(76) (85) (89 86) 
(13) (90) (89) 
(67) (75) (26) (28 19) (95) (41) (46 59) 
(98) (97) (8) (9) 
(67) (82) (1) (37) (85) (25) (91 62) (7) 
(40 82) (81) 
(35) (89) (25) 
(80) (9) (29 55) (78) (95) (89) 
(12) (93 87) (76 19) (40) (46) (1) (72) 
(33) 
(96 48) (95) (0) (33) (5) 
(80) 
(44) (23) (37) (68) (19) (62) (14) (96) (88) (77) (97) (65) (82 8) (94) 
(89) (58 90) 
(49 68) (58) 
(71) (21 37) (98) (84 1) 
(13) (33 52) 
(55) 
(75 94) (35 28) (4) 
(62 43) (54) (82) 
(80 16) (93) (21) (42) (71) (96) (55) 
(10 42) (68) (90) (67 60) (96) (71) (79 15) (11) (83) (34) (41) (0) (50) 
(9) 
(87) (17) 
(45) (27 94) (77) (4 81) (2) (85) (74) (18) 
(64) (13) (40) (26) 
(49) (41) (78) (31) (44 83) (47) 
(78 43) (95) (60) 
(9) (91 62) (99) (10 58) 
(57) (12) (37) (35) 
(37) 
(20) (72) (36) (13) (69) (60) 
(72) 
(9) (51) 
(60 3) (14 75) 
(34) 
(28) 
(5) (69) (35) 
(9) 
(1) (55) (9) (8) (65) (51 92) (4) (93 87) 
(61) (75 62) (34 40) 
(83) (80 16) (99) (55) (53) (19) (79) 
(34 88) (59) (91) (62) (43) (36) (69) (71) (0) 
(6) (97) (44) (9) 
(49 4) 
(49) 
(71 45) (84) (18 56) (61) (5) 
(23) 
(93) (52 1) 
(33 20) (8) (84) (95 79) (87) (17) (78 43) (57) (83) 
(24) (7) 
(98) 
(46) (91 78) 
(55) (13) (73) (43) (49) (20) (42) 
(15) 
(50) (4) (35 28) (99) 
(11) (28) (75) (80) (2) (7) (21) (16) (95) (0) (59) (14) (46) (49) (31) (36) (68 17) (20) 
(14) (4) 
(32) (28) (71) (66) (74) 
(56) (40 34) (58) (63) (48) (50) (83) (61) (31) (12) (94) (62) (97 84) (8) (47) 
(60) (55) 
(45) (73) (83) 
(47) (98 40) (54) (95) 
(95) (93) (41) (75 14) (49) 
(36 65) (74 10) 
(95) 
(38 41) (13 23) (85) (90) (62) 
(57) (49) (6 41) (52) (51) 
(13) (39) (7) 
(0) (93) (33 36) (19) 
(7) 
(2) (26) (6) (17) 
(13 87) (92) (46) (82) (39 61) (78) (37 69) (77) 
(78) (2) (80) (84) (46) (69) (53) (47) (17) (40) 
(46 43) 
(68) (38) (61) (20) 
(19) (60) (51 12) 
(2) (50) (10) (44) 
(99 28) (16) (39 77) 
(93) (12) 
(65) 
(4) (55 29) (16) 
(14) (44) (78 11) (59) (80) (87) (50) (67) 
(75 30) (70) (34) (60) 
(78) (25) (17) (8) (34) 
(72) (90) 
(54) (16) (63) 
(39) (22) (5 69) (16) (94) (90) (54 41) (60 3) 
(75) (49) (16) (79) (86) 
(92) (79) (56 98) (88) (59) (30) 
(17) (55 45) (61) (5) 
(14) 
(83) (45 71) (65) 
(43 14) (70) (31) 
(99) 
(13) (40) (33) 
(1) 
(90) (50) (70) (95) (12) (39) 
(78) (69) 
(30) (55) 
(56) (70) 
(34) (62) (27) (38) (46) (52) (97) (87) (71) 
(26) (40 50) (42) (21) (5) (83) 
(65) (92) 
(60) (26) (73) (46) (75) (33) 
(91 78) (8) 
(92) (25) (95) (27 46) 
(83) 
(28) 
(87 29) (98 8) (26) 
(67 44) (41) (40) (43) (22) 
(95) (21 85) (62) (60) (36) (1) 
(81 4) (42) (78) (70) 
(8) (10) (54) (47) (84) 
(7) (93) (25) (58) (24) (92) (15) 
(84 97) 
(74) 
(93) (64) (79) 
(90) (8) (39 29) 
(57) (51) (91) (16) (11) (13) 
(28) (49) (20) 
(55 61) (57) (21) (65) (52 1) (32) (30) (82) (37) (78 91) (66 56) 
(3) (62) (72 2) (42) 
(84) (72 34) (4) (63) (60) 
(15) (91 62) (41) (9 22) 
(15) (20) (87) (24) (80) (21) (0 48) (22) (39) (13) (27 78) (59) 
(84) 
(75) (1) (25 54) (86) 
(20) (84) (71) (3) (2) (0) 
(66) (58) (94) (59 14) (34) (73) (5) (19) 
(98) 
(77) (36) (75) (98) 
(52 33) (63) (80 96) (38) (92) (18) (14) (99 60) (70) 
(48) (70 73) (59) (50) (12) 
(46) 
(43) (40) (74) (15) (52) (30) 
(31) (61) 
(70) (29) (52) (3) (80) (75) (9) (93) (40) (24) 
(87 29) (39) (24) (93 55) (54) 
(85) 
(55) (19) (10) (52) (25) 
(2) (55) 
(4) 
(53) 
(23) (49) 
(91 62) (14) (6) (21) (63) (68 33) (10) (81) (42) (45 23) 
(29) (73) (82) (4 49) 
(42) (10) (7) 
(88 18) (91) (4) (12 51) (77) (74 42) 
(86) (7) (94) (47) (21) 
(40) (98) (57) (39) 
(91) 
(79) (57) (58) (98) (1) 
(51) (21) (8 34) (3) (66) (62) (10) (16) (23 45) 
(77 55) 
(71) (53 69) (14 11) (40) (12) (35) (46) 
(83 92) (11) (74) (31) (59) 
(9) (13) (57) 
(55) (35) (92 83) (79) 
(17) (47) (97 84) (48) (24) 
(15) (71) (61 23) (84) 
(14) 
(12) (56) 
(80) (68) (7) (74) (9) 
(32 80) (0) (84) 
(49) (46 27) 
(32) (76) (40) (47) (24) (51) (70) 
(69) (52) 
(47) (34 88) (60 19) (42) 
(16) 
(65) (46) (27 94) (3) (75 14) 
(29) 
(44) (41) (49) (77) (4 1) 
(83) 
(15) (48) (41) (83) (4) 
(89) 
(91 46) 
(77) 
(46) (6 41) (1) (65) (52 17) (81 20) (14) (83) 
(39) (66) (85) (23) 
(45) (76 67) 
(24) 
(75) (6) (38) 
(37) (45) (87) (35) 
(23) (90) (99) 
(6) 
(89) (20) 
(72) 
(58) (98) (60) (9) (55 61) (80) (45 23) (59) (3) (54) (85) 
(33 20) 
(3) (40) 
(14) (76) (31) (50) (18 88) 
(71) (89 86) (72) (40) (76) (9 22) (5) (16) (30) (95) (57) 
(32) (56 82) (46) (42) (84) (40) 
(27) (57) (86 89) (12) (67) 
(21) (90) 
(38) (56) (65) (7) (58) (74) (70) (53) (16) 
(57 70) (92 99) (90 74) (26) 
(73) 
(92 99) (93) (9 6) (65) (11) 
(97) (67) (34 72) (71 93) (70) (48) (28) (90 58) (94 11) 
(29 71) (46 43) (88 18) (14 91) (37 5) 
(85 69) (77 39) (46 43) 
(11 30) (91 14) (20 17) (0 32) (46 75) (33 52) 
(98 40) (32 80) (25 70) (59 14) 
(39 77) (52 1) 
(29 87) (24 2) (52 1) 
(28 19) 
(71 13) (89 22) 
(63 95) (54 9) 
(82 72) (92 3) (9 38) (54 57) (40 2) (76 19) (97 68) 
(20 97) (12 99) 
(52 33) (80 48) (43 46) (40 82) (96 64) 
(98 56) 
(33 4) (19 60) (28 67) (21 5) (85 69) (93 55) 
(44 67) 
(17 36) (47 63) 
(40 50) (6 73) 
(55 93) 
(5 21) 
(51 76) (81 84) (22 25) 
(88 82) 
(29 87) 
(26 42) (85 69) 
(9 38) 
(74 42) (75 62) (8 50) 
(77 71) (38 25) 
(18 56) (87 13) (30 27) (42 26) 
(45 55) (67 44) 
(91 94) (63 31) (18 8) (88 34) 
(0 16) 
(29 71) 
(99 60) 
(32 16) (43 94) 
