(94) 
(23 77) (39 45) (24) 
(67 44) (41) (48 80) (71) (12 99) 
(45) (44 3) (68) (98 40) (82) (67) (32) (87) (53) 
(54 9) (30 11) (36) 
(82 40) 
(35 76) (55 77) 
(10) (20 65) 
(6 57) (69) (64) (4 97) 
(19) (60 3) (66 72) (49 36) (10 74) 
(18 88) (52 1) (26 42) (33) (5) (72 98) (66 40) 
(46) (70) (44 19) (72) (26) (82 56) (61 87) (64 0) 
(5) (89 38) (30) 
(95 47) (72 34) (83 44) (79) 
(74) 
(54 57) (51 44) 
(88) (82) 
(74 90) (41) (32) (88 2) 
(6 25) (48 80) 
(56) (27) (97) (60 19) (7) (10 74) (63) (92) (5 21) (47) (25) (72 82) (23 61) (11 94) (43 62) (85 69) 
(96) (73 70) 
(7) (52) (3) (68 97) 
(60 83) (51) 
(12 83) (66 40) (93 7) (62 59) (81 20) (73 54) 
(67 28) (45 39) (24 66) (44 3) (15 47) 
(83) 
(64 80) (34 88) 
(38 73) (40) (92 3) (99 60) (53 69) (72) 
(38) (23 93) (41 86) (88 82) (56 98) (55 77) (81 4) (73 6) (33 68) (64 80) 
(78) (87 93) 
(12) (54) 
(13 87) 
(28) (1) 
(37 53) (46) (15 79) (36) 
(21) (27 78) (73 54) (44) (46 11) (29 7) (1 52) 
(67) (64 48) 
(13) 
(38 73) (57 6) (61 39) 
(89 6) 
(19) (79) (52) (4) 
(48) 
(5 37) 
(59 94) (63) (38) (99) (86 89) (73 22) 
(88 82) (17 4) (41 54) (84 97) (51 92) (66 56) 
(85) (83) (63 47) 
(37 53) (96 64) (27 78) (13 39) (97 4) (38) 
(6 9) (1 68) (81) 
(44 19) (23 93) (1 68) (50 56) 
(33 84) 
(99) (44) (73) (17 36) (24 34) (97) (76 83) (27 30) 
(97) (2 24) (44 19) (45 23) (88) (71 29) (43 46) (32 16) (22) 
(51 44) (40 34) 
(14 11) 
(76) (49) (33 36) (32) (55) (88) (47 63) (91 30) 
(72 34) (84 33) (93 23) (44 67) (94 27) (50) (15) (10 74) (22 89) 
(73 6) (72) (31 63) 
(62 91) (38 25) (35) (52 97) (42) 
(68 17) 
(58) (86) (21) (22) (8 50) (59 30) (71 29) (32 16) (36) (39 93) (34 24) (78 91) (98) 
(45 87) 
(68 97) 
(12) 
(28 67) (13) (60) (86 41) (52 17) 
(26) 
(84) (74 10) (64 16) 
(23 45) 
(85) 
(35 76) (16 80) (17) (65) (6) (56 82) 
(41 86) 
(23) (32 0) 
(28 83) (8 50) (49) (75) (76 67) (66 72) (20 17) 
(68) (13 55) 
(78 43) (20 49) (6) 
(2 88) (57 6) (84 33) 
(97) 
(13 55) (66 40) 
(57 54) (18 24) (27 94) (77 71) (28 67) (32) (59) 
(91 14) (43 30) (44 67) (27 46) 
(76 51) 
(87 29) (49) (97 52) (48 0) 
(62 27) (50) (26) (43) (8 66) (42 10) (32) (85 37) (82) (34) 
(66) 
(4 1) (67 92) (6) 
(48) (54) (30) (20 97) (26) (17 4) (67) 
(68 17) 
(77) (21) (67) 
(5 69) (22 57) (11 46) (59 30) (21) 
(6) (88 34) (24 50) (8 2) (5) (54 73) (87) 
(19) (49 4) 
(11 94) (27 14) 
(6 57) (80 0) (4 81) 
(6) 
(66 88) (72) (13 39) (70) (87) (44) (76) (92 35) 
(0) 
(26 10) (31) 
(79 63) (52) (81 84) 
(78) 
(53 69) (19) 
(96) 
(86 9) (76) 
(76 67) (90) (64 80) (85) 
(37 21) (88) (41 54) (72 50) (43 62) (70) 
(34 8) (50) 
(50 24) 
(28 83) (25 86) 
(63) 
(33) (69) 
(35 76) (89) 
(99) (47 79) (25) (26 10) (89 86) (45) 
(84 49) 
(32) (44) (85 53) (40) 
(99 12) 
(95 31) (50 40) (74 42) 
(56) (57 54) (39 29) 
(63 79) (42 58) (84) (12 51) (68 33) 
(15) (36 81) (9 6) 
(36 65) (78) 
(71 45) (32) (49 68) (31 79) (75) 
(79 63) 
(86 89) (91 14) (76 51) 
(12 51) 
(32) (28 51) (30 75) (83) 
(88 98) (92 67) (73) (79) (12 3) (5 85) 
(73 70) 
(94) 
(87) (10 74) 
(27) (51 92) (53) (35 76) (54) (29) 
(0 48) (27) (77 55) 
(31) (4 81) 
(26 90) 
(97) (26 10) (36 1) 
(66 88) (30) (57) (74 58) 
(56) (63 47) (98 72) 
(97 52) 
(62 91) 
(50) 
(80 32) 
(12 83) 
(77 55) (20) (67 12) (19 92) (38 41) 
(43) (57 54) (86) 
(33 52) (40 50) (61) (91 94) (9 70) (16 32) (24 66) (51) 
(13) (76) (56) (33) (93 55) (92) (16 48) 
(22) (44 99) (79 31) (20 81) 
(4 49) (28 51) (41 54) (55) (11 62) (37 21) (15 63) (96 64) 
(53 5) 
(1) 
(96 80) (21 69) (81) (24) (3) (46) (23 77) (27) 
(52 1) (95 79) (68) 
(53 5) (48) (55) (16 32) (59 46) (9 22) (98 72) (80) 
(40 98) 
(96) (2 8) 
(78) (97) (55) (16 80) (17 36) (48 96) (10) (63 79) (13) 
(20 17) (28 3) (98 24) (53 21) (52 65) 
(89 70) (54) (80 32) (69) (8 2) 
(59) (89 70) (49) (92 35) 
(47) (90) 
(97 68) (88) (93 55) (60 83) (11 78) 
(84) (27) 
(30 11) (34) (55) 
(80) (45 71) (21 5) 
(63 95) (90) (80) (84 17) (22) 
(89 70) (2 24) (85 53) 
(10 58) (50 24) 
(77 87) (33 52) (31) (44) 
(73 38) (52) (69) (40) (50 24) (67 76) (1) (80 32) 
(15) (23 45) (53 21) (92 35) (4 33) (12 83) (10 74) 
(4 97) 
(32 80) 
(59 94) (86 73) 
(18 8) (51) (38 73) 
(2) (29 87) (84) (45) (4) 
(39 61) (83 28) 
(59) (77 87) 
(22 89) 
(87 13) (97 68) (71 61) (3 92) (70 57) (27 46) 
(43 62) (64) 
(83 92) (40) (66 88) (46 43) 
(12) (62) (60) (66) (84 81) 
(11 94) (22 41) (0 64) (58) (52 97) (87 61) 
(74 10) (12 3) (52) (91) (84) (99) 
(90 74) (70 89) 
(40 2) (54 9) (59 46) (28 99) (5 53) (62 75) (89 86) 
(32 96) (40 2) (87 77) (44 3) (95 31) (72 50) (39 13) (63 79) 
(32 80) 
(92 19) 
(58 90) (66 8) 
(23 61) (30 59) (4 97) (15 95) (34 88) (31 79) (43 46) (64 32) (8 82) 
(83 44) 
(40 98) (88 2) 
(52 49) (80 48) 
(3 76) (99 60) (8 66) (1 36) (44 67) (70 73) (92 35) 
(36 17) (29 87) 
(21 5) (46 91) (54 25) 
(9 38) (88 66) (91 46) 
(12 19) 
(60 19) (71 61) (76 3) (11 30) (92 51) 
(46 11) (18 72) (36 49) (89 86) (92 3) (99 60) (57 6) (77 55) 
(42 26) (64 0) (19 44) (52 65) 
(22 9) (0 32) 
(7 61) 
(57 22) (69 37) (83 60) (56 34) 
(48 16) (6 57) (63 31) (10 58) (93 71) 
(93 87) (22 89) (8 98) (50 40) (83 12) (99 92) 
(96 48) 
(81 20) 
(68 97) (57 38) (80 0) (15 47) 
(18 40) 
(98 88) (23 77) (71 61) (24 18) 
(71 13) (48 96) (66 72) (69 21) (87 45) (83 12) (50 56) 
(87 93) 
(6 73) (14 75) (47 79) (53 21) (81 52) (24 50) (55 45) (67 60) (16 64) 
(25 70) 
(92 99) 
(16 80) 
(56 18) (52 17) 
(71 61) 
(33 20) (55 45) (69 53) (17 68) 
(55 77) 
(39 61) (67 60) 
(69 37) (30 75) 
(41 54) 
(52 33) 
(87 13) (22 25) (11 14) (32 80) (61 23) (97 20) (15 31) (56 98) (99 28) (2 88) (89 6) 
(92 99) 
(71 45) (62 91) (20 49) 
(16 0) 
(0 64) (26 74) 
(27 62) (61 55) 
(42 58) (38 9) (91 46) 
(45 7) 
(26 74) (69 21) (28 51) 
(34 72) (77 39) 
(30 11) (25 38) (6 57) (32 48) (69 53) 
(60 35) 
(37 53) (66 72) 
(83 60) (29 7) (6 41) (70 73) 
(50 72) 
(82 24) 
(35 12) 
(23 45) 
(98 24) 
(84 33) (52 81) (63 79) 
(66 24) 
(1 36) (92 67) (8 82) (56 34) 
(19 92) 
(34 40) 
(45 87) 
(16 32) (43 94) (58 42) (86 25) 
(34 72) (53 5) 
(55 29) (36 81) 
(18 40) (89 86) (67 92) (23 45) (65 68) (99 28) (60 51) 
(65 20) (14 91) (7 61) (10 26) (29 23) (70 41) 
(76 67) (49 84) (12 51) (47 31) (61 7) 
(1 4) (90 58) (52 65) 
(59 94) (35 28) 
(2 72) (36 97) (8 98) (45 87) (51 92) 
(7 45) (82 24) (85 69) (99 92) (48 64) (29 71) (97 52) (20 65) (89 70) (91 14) (72 66) 
(46 27) 
(21 53) (95 79) (17 84) (64 0) (70 25) 
(88 34) 
(97 52) (45 71) 
(8 2) (43 62) (33 84) (74 90) (72 82) 
(51 76) 
(92 83) (8 98) (97 84) (67 12) (71 45) (11 14) (38 25) (96 16) (56 18) 
(72 66) 
(41 6) 
(27 62) 
(89 54) (43 94) 
(6 73) (40 66) 
(10 58) 
(86 9) (95 15) (65 68) (35 92) 
(28 35) (36 81) (50 40) (68 65) 
(90 58) (81 36) (75 46) 
(25 54) (48 64) (40 66) 
(36 65) 
(6 57) 
(56 34) 
(56 18) 
(53 21) (80 96) (30 11) (18 88) (85 37) (48 64) (20 17) 
(57 38) (75 94) 
(81 68) (49 52) (64 32) (36 17) (61 23) (25 22) (83 44) (30 11) (8 34) (51 76) (62 27) 
(65 84) 
(57 38) (20 81) 
(55 29) (37 5) (12 51) 
(72 98) 
(29 87) 
(93 71) (60 83) (90 10) (72 34) (49 52) (4 97) (81 36) (16 64) (31 15) (26 42) (53 85) 
(34 56) (5 53) (14 75) 
(57 54) 
(92 99) (88 50) 
(93 7) (45 71) (80 64) (83 28) 
(21 85) (97 52) (90 26) 
(73 70) (95 79) (24 82) 
(34 56) 
(77 23) (38 57) (91 46) (92 51) (66 40) (81 68) 
(27 30) (57 38) (65 68) (25 6) 
(87 29) 
(70 25) (2 56) (32 0) (49 52) (67 92) (66 88) (7 93) (68 65) 
(19 44) (13 7) (48 16) 
(19 60) 
(61 55) (96 64) 
