(76 67) (47) (95) 
(79) (58 74) (46) (52 49) (67) 
(76 35) 
(56) (6 9) 
(88) (15) 
(99 44) 
(73) (7 45) (32 80) (8) (98) 
(47) (99 12) (9) (90) (11) (53) (34) (77 55) (20) (57) (98 72) 
(16 64) (71 45) (95 63) (88 34) (78 43) (93 39) (33) 
(69 85) 
(68) 
(5) 
(59) (92) (84 81) (36) (17) (82 24) (91) 
(51 76) 
(32 16) (52) (38) (56 34) 
(7) (68) (8) (0 96) 
(78 27) 
(90) (22) 
(9) (10) 
(21) (27) (93 7) (60) (63 47) (89 6) (62) 
(42) (82) (57) 
(11) (99) 
(36 17) (61 71) (48 80) (15) 
(65) (83) (60 19) 
(10) (34) (15 63) (91) (42 90) (40) (73) (65) 
(96) (63) (94 43) 
(5) 
(30) (60) (11) (91 14) (66) (56) 
(22 89) (26) (87) 
(85) (23) (89 70) (28 99) 
(15) (84) (74) (91) 
(76 35) (10) (1 68) (33 20) (42 90) 
(49) (42) 
(68) 
(98) (39 45) (83) (54) (64 48) (97 68) 
(22) (1) (56) 
(68 17) (77) (65) (15 47) 
(46 43) 
(27) 
(68 17) (66 40) 
(71 29) 
(23 77) (59) 
(18 88) (13) (59 14) 
(15 95) (91 62) (56 50) (4 49) (47 79) 
(51) (83) (55) (44) (3) (4 33) 
(60) (18 24) (12) (52) (33) 
(42) (10) (93) (45) (92 51) (11) 
(73) (45) (88) (36) 
(95 31) 
(51 12) (93) (66) 
(72 98) 
(42) (6 73) (34 24) 
(38) (23) 
(30) 
(97 20) (45) (36 81) 
(3) 
(44 35) (74 10) (63) (76) (73) (99) (95) (22) (28) 
(56 98) (30 43) (96) (44) (23) (84) (82 24) (83) (8) (68 65) (25) (59) (49) (57) 
(24) (44) 
(46 75) (45) (83 92) 
(86) (65 20) 
(63 15) (14) 
(60) 
(76 51) 
(80 32) (48) (85) (31) (62 59) 
(74 58) (59 78) 
(23) (18) (55 93) 
(57) (49) (90 26) (25) (58) (54) (30 43) 
(30) 
(68) (92 51) 
(9) (88 98) (53 37) (50) 
(67) (75 62) (3 92) (52) (74 10) (32) (43 94) 
(98) (53) (47) (30 43) (59) (55) (40 50) (17) (76 51) (2 8) (36) (22 25) 
(94) (11) (79) (65 52) (45) (25) 
(24) 
(67) (6) (81) 
(1) (13 71) (53) (68 17) 
(39) (85) (56) (79) 
(17 68) 
(42) (92) (68 97) (66 72) (55) (36) 
(36 81) (25) (82) (40 66) (89) (15 63) 
(46) (59 14) 
(64 16) 
(73 70) 
(81 20) (49 52) (23) (1) 
(13) (36) (82) (71 77) (30 11) (1) (19) 
(60 67) (56 98) (33) (9 70) (11) (72) 
(53) (91) 
(57) (16) (36) (26) (43 30) (17) (15 31) (91) (82) 
(34 40) (24 50) (6) 
(93) (35 12) (23 13) (8 18) (50 40) (21) (34) 
(27) (34) (48) (80) (86) (50 8) (54 57) (76) (41 6) (18) (56) (20) (39) (60) 
(89) (82) (43 14) 
(18) (17 84) (80) (34) (23) 
(25) (31) (29) 
(89) 
(59) 
(90) 
(95) (14) (68 65) (81 52) (69) 
(28 83) (52) (90 10) (25) (77) (66 24) 
(71) (2 88) (36 1) (43) (41) 
(78) (64 80) 
(4) (28 99) 
(50 40) 
(62 43) 
(32) 
(76) 
(13 7) 
(84 33) (70 41) 
(66 40) 
(82) (66 88) 
(71) 
(19 12) (10 42) (63 15) 
(86 73) (15 31) (37) (38) (80 64) (9) 
(61 71) (80) 
(26) (44) (7) (24 18) 
(61) (28 3) 
(8) (34) (43) 
(61 23) (91) (33 4) (87) (21 85) 
(22) (83) 
(26 90) 
(10 42) (18) (60 35) (53 21) (46 11) 
(40 66) (89) (22) (18) 
(67 76) 
(84 49) 
(42) (60 99) (32) (85) (4) (93 23) (9 86) (30) (66 40) (84) 
(5 37) (87) (26 58) (9) (84) 
(6) (86) (11) (62 59) (5 53) 
(53) (19) (23) (30) (59) (97 20) (17) (42 10) (80 0) 
(30) (48) (22) (24 98) (33 4) 
(88) (56) (64) 
(24) (20 1) 
(72 50) (70) 
(1) (3) 
(87) 
(69 53) (37) (98) (55 61) (49) (63) (88 82) 
(97) (8) 
(25) (3) (53) 
(43 62) (33) 
(76) (56) (52 33) 
(68 81) (43) (60) (67) (94) (56) (30) (70) 
(29) (16) (93) (69 5) (43 30) (18 24) (57) 
(77) 
(36 65) (88 98) (55) 
(1) 
(73) (45) (70) (58) (66) (37 53) (67) (78) (61) (12) (57 38) (24) (82 40) (48 64) (89) (98) (75) (60) (11) (71) 
(24) 
(48 0) 
(7) (79) (45) (82) (43) 
(85 53) (97 52) (94 27) (42) (66) (77) (75) (38 25) 
(55 45) 
(33) (83 76) (63) 
(12) (48) (83 28) 
(51) (83) (96) (93) (86) 
(12 35) (76) (85) (73) (79 47) (54) (31) (26 58) (56) 
(6) (36) 
(10) (70 73) (96 80) (99) (59) (91 62) (89 86) 
(11) (61) (23) 
(61) 
(8 82) 
(53 69) (76 35) 
(80) 
(35) 
(93) (88) 
(24) (11) (9 6) (41) (5) 
(35 92) 
(53 69) 
(88) 
(4 1) (30 27) 
(12 67) (33) 
(10) (86) (62 11) (80 64) (83 92) (48) (49) (82 56) 
(3 12) 
(48 96) (27 94) (14) (67) (8) 
(74) (32) (55) (96) (88) 
(50 24) (44 99) 
(55) (12) (60) (99) 
(30 27) (98) (94 75) (85 69) (64 96) (76) (61) (73) (23) 
(17) (29) (36) (90) (2) 
(98) (9 86) (12) (25) 
(19) (10) (99 44) (88) (92) (87) (38) (76) (83) (35) (49) (64) 
(66) 
(63) (39) (40) (7) (51 12) 
(87 93) (42) (38) (86 57) (77) (40) (88) (71) (0 16) (74) (49) (48) (96) (63 95) (91 62) 
(81 52) (72 82) (71) (38) (50 56) (67) (77) (44) (42) (34) (54 9) (41) (33) (17 4) (43 62) 
(13 23) (78) (12 99) 
(61) 
(77 71) (44) (4 1) (85 21) (13) (92 99) 
(54 73) (6) 
(7 93) (21) (72) (70 41) (37) (56 18) (26) (99 92) (96 80) 
(23) 
(43) (37) (36) (68 65) (78 59) (18 24) (75 30) (95 47) 
(98) (42) (11 62) (8) (0 48) (76 35) (67 44) (43) 
(61 55) (3) (40) (43) 
(49) (73) (54) 
(15) (83) (43 46) (23) (70) (57) (22) (45 7) (76) (91 30) (0) (17 4) 
(1) (24) 
(13) (37) 
(96 16) (1 20) 
(46) 
(51) 
(37) (79 95) (20) (9 86) (98) (29) (8) (15 47) (36) (63 31) (2 56) 
(63) 
(60 99) (47) (39 77) (11 78) (13 7) (6 9) (36 65) 
(18 8) 
(59) (71) (17 4) (25) (22) (35 12) (96) (91) (57) 
(37) (61) (2) (0 64) (72 34) (43) (39) (28) (60) 
(97) (48 32) (52 81) (40 66) (76 83) (50 72) (1 84) (8 18) (38 41) (94 27) (70 57) (95 63) 
(41 70) (76 3) (32 48) (73 38) (31 95) 
(70 89) 
(7 93) 
(56 66) (53 21) (32 96) 
(34 56) (63 79) (4 65) (39 29) 
(24 34) (39 77) (89 38) (5 53) 
(63 47) (51 28) (21 5) (27 14) (46 11) (93 55) 
(91 78) (55 29) (92 51) 
(24 18) (33 84) 
(19 28) (50 72) (3 12) (35 60) 
(25 54) 
(58 74) (40 2) 
(65 4) (24 66) 
(92 3) (90 58) (85 21) (30 59) (67 12) 
(14 43) (22 73) (51 60) 
(23 77) (21 53) (57 70) (10 26) 
(15 47) (12 83) (10 42) 
(83 44) (95 31) (87 45) (10 74) 
(98 40) 
(17 52) 
(44 67) (28 19) (49 4) (62 27) (76 51) (40 50) (61 23) 
(88 98) 
(46 43) (31 15) 
(44 3) (21 53) 
(1 84) (50 72) (94 27) (16 80) 
(2 8) (99 60) (83 12) (16 80) 
(44 3) (32 80) (86 73) (94 59) 
(14 91) 
(39 45) 
(29 71) (64 96) (9 22) (79 15) 
(61 71) 
(25 86) (66 72) (17 68) (49 36) (89 22) (8 18) (55 77) (73 70) (20 33) 
(6 73) (85 53) (99 12) (1 68) (67 60) (51 76) (61 87) 
(23 29) (60 51) 
(73 54) 
(70 89) 
(40 18) (62 11) (29 39) (97 20) (33 36) (50 24) (86 41) (93 71) 
(22 57) (89 54) (90 42) 
(84 65) (94 75) (41 6) (99 44) 
(17 36) 
(2 8) (51 76) (48 0) 
(84 65) 
(60 19) 
(36 81) (42 58) (71 93) 
(45 87) (42 26) 
(7 77) (44 51) (49 36) (20 97) 
(99 44) (46 11) (41 6) (15 31) (60 51) 
(61 87) (65 52) (77 71) 
(96 0) (78 43) (7 77) (84 1) 
(51 28) (71 77) (6 57) 
(42 90) 
(56 82) (96 80) (76 19) (88 98) (97 84) (44 99) 
(98 40) 
(14 43) (89 38) (76 3) (12 51) 
(16 48) 
(57 38) 
(61 55) 
(98 40) (73 22) (80 48) (14 75) 
(6 89) 
(73 70) (28 19) (55 77) 
(48 96) (49 4) (50 40) (44 19) (22 9) (10 58) (84 1) (21 5) 
(46 43) (74 26) (56 98) 
(53 37) (17 36) (83 12) (8 98) (9 6) (62 11) (72 2) 
