(39) (1) 
(20) (86) 
(42) (52) 
(0) (39) (90) (71) (38) (15) (29) (13) 
(72) (50) 
(17) 
(23) (42) (48) (62) (32) 
(4) (16) (66) (97) 
(44) (45) (81 36) (40) (49) (85) (18) 
(54) (57) 
(52) (42) (39) (23) (92 83) (73 6) 
(57) (91) (70) (39) (37) (32) (65) 
(32) (92) 
(78 75) (63) (48) (62) (70) (27) (73) (65) 
(1) (9) (72) 
(49) (37 69) (26) 
(0) (37) (73) (29) (43) (81) (65) (24) (55) 
(72 34) (16) (5) (19) (94) (61) 
(10) (70) (86) (71) 
(43) (1) (80) 
(69) (50) (60) (24) (36) (25) (97) (75) (40 18) (34) 
(28) (13) (3) (20) (44) (71) (8) (18) (83) 
(5) (47) 
(23) (97) (17) (51) (35) 
(44) (12) (36) (52 97) 
(46) (79) (71) (17) (34) 
(86 41) (43) (46) (42) (54) (69) (56) (80) (65) 
(3) (72 18) 
(7) (3) (12 19) (32) (72) 
(36) (28) (85) (43) 
(22 9) (41) (39) (8) (38) 
(57 6) (83) (17 84) (59) (56) (45) (79) (32 96) (93 7) (22) (48) 
(63) (5) (87) (50) (47) (53 69) (58) (85) (3) (79) (94) 
(57) (53) (33) 
(3) (67) (42) (7 45) 
(98) (8) (9) (28) (38) (89) (31) (93) 
(18) (48) (96) (26) (46) 
(65) 
(64) (52 33) (24) 
(95) 
(34) (82) 
(38) (6) (39) (90) (12) (54) (41) 
(66) (41) (57) 
(3) (77 87) (72) (94) 
(20) (15 63) (58) (2) (30) (78) (85 69) (88) (9) (73) (32) (38) (35 92) (5 53) (72 50) (41) (62) (65 84) (8) (61) 
(70) (47) (4 65) 
(23 13) (99) (15) (46) (37) (43) (42) (22) (38) (92) (68) (19) (54) (75) (27) (70) (41 86) 
(57) (66) (30) 
(36) (0 32) (75) (37 85) (70) (74) (4) (84 1) 
(66) (67 92) (39) (51) (58) 
(65) (51) (45) (6) (26) (83) (17) (80) (81) (97) (79) (28) (78) 
(24) (64) (21) (88) (67) 
(48) (99) (18) (41 86) (59 94) (66) (87) (54) (36) 
(8) (55) 
(18 56) (96) (25) (26) (12) (16) 
(14) (72) (31) 
(84) (88) (98) (93 7) 
(95) 
(91) (97) (65 84) (96) (10) (72) (93) (21) (55) (25 86) (44) 
(67 44) (39) (87) (81) (29) (2) (56) (79) 
(51) (72 50) (10) (14) 
(39) (7) (99) (3) (62) (23) 
(56) (63) (11) (65 20) (25) (50) 
(90) 
(87) (34) (43) 
(20) (91) (56) (1) (66) 
(93) 
(24) 
(90) (84) (41) 
(2) 
(15) (84 17) 
(14) 
(94) (73) (78) (13) 
(42) 
(97) (39) (76) (74) (71) (57) (17) 
(12 51) (64) (69) (18) (21) (57) (63 15) (48 32) 
(21) (84 49) 
(64) (17 84) (66 72) (18) (16) (48) (70) (97) (60 19) 
(55) (1) (99) (15) 
(2 8) (91) (99) (16 64) 
(30) (18) (9) (24) (52) (79 31) (74) (50) (32) (77) 
(86) (59) (66 88) 
(57) (17) 
(98) (68) 
(93) (6 25) 
(73) (92) (18) (88 98) (69) (56) (64) (83) (26) (91) 
(69) (56 50) (70) 
(16) (26) (33) 
(25) (53 37) (43) (52) (60) 
(19 92) (64) (89) (11) (93 71) (99 60) (81) 
(25) (37) (44) (90) (87) (18 72) 
(76) (20) (81) (22) 
(22) (50) (4) (65) (84) (35) (8 98) (3) (67 12) (53) 
(3) (9) (21) (74) 
(60) 
(58) (69) (99) 
(80) 
(38) (96 16) (30) 
(84 1) (2) (37) 
(71 77) (83) (18) (21) 
(84) (29) (70) (46) (89) (15 31) 
(83) (99 60) (76) (11) (61) (48) (66) (28) 
(83) (65 36) (31 95) 
(31) (10) (29) (13) (62) (77) 
(70) (17) (68) (61 23) (86) 
(50) (49 4) (80) (38) 
(55) (74) (99 28) 
(19) (17) (56) (54) (23) (81) (68 49) (92) 
(88) (67) (82) (22) (48 80) (60 51) 
(86) (1) (41) (20) (13) 
(10) 
(42) 
(39) (72) (91) (44) 
(50) (5) (83 28) (76) (22) (29 87) (66) (1) (16) 
(16 32) (27) (41 54) (91) (96 48) (83) (4) (59) (73) (19) (9) (58) (85) (57) 
(66) 
(61 71) (18) (77) 
(85 37) (68 49) 
(68 33) 
(83) (37) (76) (46) (63) (74) (49) (58) (27) 
(46) (94 59) (87) (55) (93) (10 42) (65) 
(40) (55) (90) (88) (44) 
(22) (12) (81) (2 8) (50) 
(97) (1) (96 32) (98) (50 56) (82) (25 6) (30) 
(79) 
(33) 
(68) (3) (7) 
(61 7) (98) (26) (48) (0) (99) 
(28) (39 61) (56) (37) (85 5) (47 95) 
(49) (6) (34) 
(4) 
(56) (51) (50) (46) 
(80) (60) (20) 
(93) (51) (78) (39) 
(0) 
(28) (65) (52 33) (82) 
(27) 
(74) (36) (87) (25) 
(38) (18 24) (81) (3) 
(62) 
(96) (62 27) (90) (44) (5) (51) (93) (82) (26) (38 41) 
(91) (75) (4) (92) (43) 
(59) (60 3) (42) (48) (89) (95) (49) (23) (90 58) (33) (44) (10) (28) (75) 
(25 54) 
(86 57) (40) (58) 
(94) (35) (53) (17) (42 26) (87) 
(30 27) (49) (5 21) 
(88) (23) (34) (26) (53 5) (33 36) 
(25) (19 76) (45) (77 55) (36) (22) (28) 
(10) (35 60) (83) 
(92 83) (42) (11) (73) (2) (43) (79) (38) (86) 
(31) (28) (79) (72) (50) (91) (75) (57) (39) (93) 
(21) (96) (58) (73 86) (0 16) (71) (91) (83) (29) (25) (49) (78) (42) (88) 
(36) 
(56 2) (75) (57) (48 32) 
(43) (97) (66) (2) 
(42) (33) (76 51) (44) (9) 
(44 19) (74) (53) (87 93) (57) 
(2) (18) (94) (74 26) (89) 
(70 25) (92) (95) (4 1) (47) (21) (33) (53) (43 14) (94) (50) (83) (46) (63) (6) (74) (98) (22) (90 10) (76) (31) (79) (39) (19) (11) (45) (91) (86) (62 27) 
(78) (57) (18) 
(35) (45) (58) (93) (84) 
(30) (82) (48) (14) (76) (19 28) 
(59) (92 19) (31) (49) (93) (4 1) (26) (54) (76 99) (73) (24 50) (55) (16) (67 44) (7) (69) 
(61) (37) (85 53) (15) (6) (71) (83) (97) 
(29) (98) (91 30) (90) (49) (9) (59) 
(14) 
(77) (63) (25) (35 44) (14) (15) (34) (56) 
(18 56) (64) (93) (24) 
(28) (29) (14) (33) (23) (5) 
(36 49) (5) (35) (17) (10) (93) (91) 
(36) 
(43) 
(91) (89) 
(90) (31) 
(32) (48) (49) (34) (52) (87) 
(3 44) (60) (48 16) 
(36) (8) (91 30) (31 15) (49 4) 
(65 4) (98 88) (68 49) (43 94) (12 51) (15 79) (32 0) (9 22) 
(30 91) (1 84) 
(92 3) 
(87 77) (0 80) (72 82) (35 76) 
(95 31) 
(76 67) (8 98) (68 17) 
(64 0) (57 86) (95 31) (19 12) 
(29 71) 
(36 65) (42 90) 
(48 32) (7 61) (34 24) (97 68) (16 80) 
(66 24) 
(28 99) 
(22 25) (40 66) (61 7) 
(49 20) 
(62 91) (25 70) 
(33 84) 
(3 76) (2 56) (52 65) (85 37) 
(71 29) 
(18 24) (86 9) (2 72) (80 0) (17 36) 
(3 28) (34 40) (60 51) (41 38) (76 67) (64 32) 
(44 19) 
(51 28) 
(15 95) 
(17 36) 
(48 96) 
(66 56) (17 52) (26 74) (91 30) (41 22) (98 24) (18 40) (39 29) 
(83 92) 
(83 60) 
(26 42) 
(54 25) 
(32 64) (19 44) (50 72) (60 51) (5 85) 
(65 84) 
(67 44) (76 83) (54 9) 
(10 58) 
(56 34) (75 62) 
(91 30) (6 9) (19 60) (2 88) (59 78) 
(34 24) (52 81) (73 22) (35 60) (63 31) (37 85) (6 25) (66 88) 
(96 0) (35 76) 
(36 17) (63 79) 
(54 9) (40 82) 
(56 66) (76 35) (36 97) (15 31) 
